   0.0000000e+00  -1.5000000e+02  -1.4000000e+02  -1.3000000e+02  -1.2000000e+02  -1.1000000e+02  -1.0000000e+02  -9.0000000e+01  -8.0000000e+01  -7.0000000e+01  -6.0000000e+01  -5.0000000e+01  -4.0000000e+01  -3.0000000e+01  -2.0000000e+01  -1.0000000e+01   0.0000000e+00   1.0000000e+01   2.0000000e+01   3.0000000e+01   4.0000000e+01   5.0000000e+01   6.0000000e+01   7.0000000e+01   8.0000000e+01   9.0000000e+01   1.0000000e+02   1.1000000e+02   1.2000000e+02   1.3000000e+02   1.4000000e+02   1.5000000e+02
  -6.5000000e+02   5.7142857e-03   5.0000000e-03   3.5714286e-03  -0.0000000e+00  -7.1428571e-03  -1.4285714e-02  -2.8571429e-02  -5.7142857e-02  -8.9285714e-02  -9.6428571e-02  -1.0000000e-01  -1.0000000e-01  -1.0000000e-01  -1.0000000e-01  -1.0000000e-01  -1.0000000e-01  -1.0000000e-01  -1.0000000e-01  -1.0000000e-01  -1.0000000e-01  -1.0000000e-01  -9.6428571e-02  -8.9285714e-02  -5.7142857e-02  -2.8571429e-02  -1.4285714e-02  -7.1428571e-03   2.8571429e-03   5.0000000e-03   6.4285714e-03   7.1428571e-03
  -6.4000000e+02   5.1428571e-03   4.5000000e-03   3.2142857e-03  -0.0000000e+00  -6.4285714e-03  -1.2857143e-02  -2.5714286e-02  -5.1428571e-02  -8.0357143e-02  -8.6785714e-02  -9.0000000e-02  -9.0000000e-02  -9.0000000e-02  -9.0000000e-02  -9.0000000e-02  -9.0000000e-02  -9.0000000e-02  -9.0000000e-02  -9.0000000e-02  -9.0000000e-02  -9.0000000e-02  -8.6785714e-02  -8.0357143e-02  -5.1428571e-02  -2.5714286e-02  -1.2857143e-02  -6.4285714e-03   2.5714286e-03   4.5000000e-03   5.7857143e-03   6.4285714e-03
  -6.3000000e+02   4.0000000e-03   3.5000000e-03   2.5000000e-03  -0.0000000e+00  -5.0000000e-03  -1.0000000e-02  -2.0000000e-02  -4.0000000e-02  -6.2500000e-02  -6.7500000e-02  -7.0000000e-02  -7.0000000e-02  -7.0000000e-02  -7.0000000e-02  -7.0000000e-02  -7.0000000e-02  -7.0000000e-02  -7.0000000e-02  -7.0000000e-02  -7.0000000e-02  -7.0000000e-02  -6.7500000e-02  -6.2500000e-02  -4.0000000e-02  -2.0000000e-02  -1.0000000e-02  -5.0000000e-03   2.0000000e-03   3.5000000e-03   4.5000000e-03   5.0000000e-03
  -6.2000000e+02   2.2857143e-03   2.0000000e-03   1.4285714e-03  -0.0000000e+00  -2.8571429e-03  -5.7142857e-03  -1.1428571e-02  -2.2857143e-02  -3.5714286e-02  -3.8571429e-02  -4.0000000e-02  -4.0000000e-02  -4.0000000e-02  -4.0000000e-02  -4.0000000e-02  -4.0000000e-02  -4.0000000e-02  -4.0000000e-02  -4.0000000e-02  -4.0000000e-02  -4.0000000e-02  -3.8571429e-02  -3.5714286e-02  -2.2857143e-02  -1.1428571e-02  -5.7142857e-03  -2.8571429e-03   1.1428571e-03   2.0000000e-03   2.5714286e-03   2.8571429e-03
  -6.1000000e+02  -5.7142857e-03  -5.0000000e-03  -3.5714286e-03   0.0000000e+00   7.1428571e-03   1.4285714e-02   2.8571429e-02   5.7142857e-02   8.9285714e-02   9.6428571e-02   1.0000000e-01   1.0000000e-01   1.0000000e-01   1.0000000e-01   1.0000000e-01   1.0000000e-01   1.0000000e-01   1.0000000e-01   1.0000000e-01   1.0000000e-01   1.0000000e-01   9.6428571e-02   8.9285714e-02   5.7142857e-02   2.8571429e-02   1.4285714e-02   7.1428571e-03  -2.8571429e-03  -5.0000000e-03  -6.4285714e-03  -7.1428571e-03
  -6.0000000e+02  -1.1428571e-02  -1.0000000e-02  -7.1428571e-03   0.0000000e+00   1.4285714e-02   2.8571429e-02   5.7142857e-02   1.1428571e-01   1.7857143e-01   1.9285714e-01   2.0000000e-01   2.0000000e-01   2.0000000e-01   2.0000000e-01   2.0000000e-01   2.0000000e-01   2.0000000e-01   2.0000000e-01   2.0000000e-01   2.0000000e-01   2.0000000e-01   1.9285714e-01   1.7857143e-01   1.1428571e-01   5.7142857e-02   2.8571429e-02   1.4285714e-02  -5.7142857e-03  -1.0000000e-02  -1.2857143e-02  -1.4285714e-02
  -5.9000000e+02  -2.2857143e-02  -2.0000000e-02  -1.4285714e-02   0.0000000e+00   2.8571429e-02   5.7142857e-02   1.1428571e-01   2.2857143e-01   3.5714286e-01   3.8571429e-01   4.0000000e-01   4.0000000e-01   4.0000000e-01   4.0000000e-01   4.0000000e-01   4.0000000e-01   4.0000000e-01   4.0000000e-01   4.0000000e-01   4.0000000e-01   4.0000000e-01   3.8571429e-01   3.5714286e-01   2.2857143e-01   1.1428571e-01   5.7142857e-02   2.8571429e-02  -1.1428571e-02  -2.0000000e-02  -2.5714286e-02  -2.8571429e-02
  -5.8000000e+02  -4.5714286e-02  -4.0000000e-02  -2.8571429e-02   0.0000000e+00   5.7142857e-02   1.1428571e-01   2.2857143e-01   4.5714286e-01   7.1428571e-01   7.7142857e-01   8.0000000e-01   8.0000000e-01   8.0000000e-01   8.0000000e-01   8.0000000e-01   8.0000000e-01   8.0000000e-01   8.0000000e-01   8.0000000e-01   8.0000000e-01   8.0000000e-01   7.7142857e-01   7.1428571e-01   4.5714286e-01   2.2857143e-01   1.1428571e-01   5.7142857e-02  -2.2857143e-02  -4.0000000e-02  -5.1428571e-02  -5.7142857e-02
  -5.7000000e+02  -7.1428571e-02  -6.2500000e-02  -4.4642857e-02   0.0000000e+00   8.9285714e-02   1.7857143e-01   3.5714286e-01   7.1428571e-01   1.1160714e+00   1.2053571e+00   1.2500000e+00   1.2500000e+00   1.2500000e+00   1.2500000e+00   1.2500000e+00   1.2500000e+00   1.2500000e+00   1.2500000e+00   1.2500000e+00   1.2500000e+00   1.2500000e+00   1.2053571e+00   1.1160714e+00   7.1428571e-01   3.5714286e-01   1.7857143e-01   8.9285714e-02  -3.5714286e-02  -6.2500000e-02  -8.0357143e-02  -8.9285714e-02
  -5.6000000e+02  -7.7142857e-02  -6.7500000e-02  -4.8214286e-02   0.0000000e+00   9.6428571e-02   1.9285714e-01   3.8571429e-01   7.7142857e-01   1.2053571e+00   1.3017857e+00   1.3500000e+00   1.3500000e+00   1.3500000e+00   1.3500000e+00   1.3500000e+00   1.3500000e+00   1.3500000e+00   1.3500000e+00   1.3500000e+00   1.3500000e+00   1.3500000e+00   1.3017857e+00   1.2053571e+00   7.7142857e-01   3.8571429e-01   1.9285714e-01   9.6428571e-02  -3.8571429e-02  -6.7500000e-02  -8.6785714e-02  -9.6428571e-02
  -5.5000000e+02  -8.0000000e-02  -7.0000000e-02  -5.0000000e-02   0.0000000e+00   1.0000000e-01   2.0000000e-01   4.0000000e-01   8.0000000e-01   1.2500000e+00   1.3500000e+00   1.4000000e+00   1.4000000e+00   1.4000000e+00   1.4000000e+00   1.4000000e+00   1.4000000e+00   1.4000000e+00   1.4000000e+00   1.4000000e+00   1.4000000e+00   1.4000000e+00   1.3500000e+00   1.2500000e+00   8.0000000e-01   4.0000000e-01   2.0000000e-01   1.0000000e-01  -4.0000000e-02  -7.0000000e-02  -9.0000000e-02  -1.0000000e-01
  -5.4000000e+02  -8.0000000e-02  -7.0000000e-02  -5.0000000e-02   0.0000000e+00   1.0000000e-01   2.0000000e-01   4.0000000e-01   8.0000000e-01   1.2500000e+00   1.3500000e+00   1.4000000e+00   1.4000000e+00   1.4000000e+00   1.4000000e+00   1.4000000e+00   1.4000000e+00   1.4000000e+00   1.4000000e+00   1.4000000e+00   1.4000000e+00   1.4000000e+00   1.3500000e+00   1.2500000e+00   8.0000000e-01   4.0000000e-01   2.0000000e-01   1.0000000e-01  -4.0000000e-02  -7.0000000e-02  -9.0000000e-02  -1.0000000e-01
  -5.3000000e+02  -8.0000000e-02  -7.0000000e-02  -5.0000000e-02   0.0000000e+00   1.0000000e-01   2.0000000e-01   4.0000000e-01   8.0000000e-01   1.2500000e+00   1.3500000e+00   1.4000000e+00   1.4000000e+00   1.4000000e+00   1.4000000e+00   1.4000000e+00   1.4000000e+00   1.4000000e+00   1.4000000e+00   1.4000000e+00   1.4000000e+00   1.4000000e+00   1.3500000e+00   1.2500000e+00   8.0000000e-01   4.0000000e-01   2.0000000e-01   1.0000000e-01  -4.0000000e-02  -7.0000000e-02  -9.0000000e-02  -1.0000000e-01
  -5.2000000e+02  -8.0000000e-02  -7.0000000e-02  -5.0000000e-02   0.0000000e+00   1.0000000e-01   2.0000000e-01   4.0000000e-01   8.0000000e-01   1.2500000e+00   1.3500000e+00   1.4000000e+00   1.4000000e+00   1.4000000e+00   1.4000000e+00   1.4000000e+00   1.4000000e+00   1.4000000e+00   1.4000000e+00   1.4000000e+00   1.4000000e+00   1.4000000e+00   1.3500000e+00   1.2500000e+00   8.0000000e-01   4.0000000e-01   2.0000000e-01   1.0000000e-01  -4.0000000e-02  -7.0000000e-02  -9.0000000e-02  -1.0000000e-01
  -5.1000000e+02  -8.0000000e-02  -7.0000000e-02  -5.0000000e-02   0.0000000e+00   1.0000000e-01   2.0000000e-01   4.0000000e-01   8.0000000e-01   1.2500000e+00   1.3500000e+00   1.4000000e+00   1.4000000e+00   1.4000000e+00   1.4000000e+00   1.4000000e+00   1.4000000e+00   1.4000000e+00   1.4000000e+00   1.4000000e+00   1.4000000e+00   1.4000000e+00   1.3500000e+00   1.2500000e+00   8.0000000e-01   4.0000000e-01   2.0000000e-01   1.0000000e-01  -4.0000000e-02  -7.0000000e-02  -9.0000000e-02  -1.0000000e-01
  -5.0000000e+02  -8.0000000e-02  -7.0000000e-02  -5.0000000e-02   0.0000000e+00   1.0000000e-01   2.0000000e-01   4.0000000e-01   8.0000000e-01   1.2500000e+00   1.3500000e+00   1.4000000e+00   1.4000000e+00   1.4000000e+00   1.4000000e+00   1.4000000e+00   1.4000000e+00   1.4000000e+00   1.4000000e+00   1.4000000e+00   1.4000000e+00   1.4000000e+00   1.3500000e+00   1.2500000e+00   8.0000000e-01   4.0000000e-01   2.0000000e-01   1.0000000e-01  -4.0000000e-02  -7.0000000e-02  -9.0000000e-02  -1.0000000e-01
  -4.9000000e+02  -8.0000000e-02  -7.0000000e-02  -5.0000000e-02   0.0000000e+00   1.0000000e-01   2.0000000e-01   4.0000000e-01   8.0000000e-01   1.2500000e+00   1.3500000e+00   1.4000000e+00   1.4000000e+00   1.4000000e+00   1.4000000e+00   1.4000000e+00   1.4000000e+00   1.4000000e+00   1.4000000e+00   1.4000000e+00   1.4000000e+00   1.4000000e+00   1.3500000e+00   1.2500000e+00   8.0000000e-01   4.0000000e-01   2.0000000e-01   1.0000000e-01  -4.0000000e-02  -7.0000000e-02  -9.0000000e-02  -1.0000000e-01
  -4.8000000e+02  -8.0000000e-02  -7.0000000e-02  -5.0000000e-02   0.0000000e+00   1.0000000e-01   2.0000000e-01   4.0000000e-01   8.0000000e-01   1.2500000e+00   1.3500000e+00   1.4000000e+00   1.4000000e+00   1.4000000e+00   1.4000000e+00   1.4000000e+00   1.4000000e+00   1.4000000e+00   1.4000000e+00   1.4000000e+00   1.4000000e+00   1.4000000e+00   1.3500000e+00   1.2500000e+00   8.0000000e-01   4.0000000e-01   2.0000000e-01   1.0000000e-01  -4.0000000e-02  -7.0000000e-02  -9.0000000e-02  -1.0000000e-01
  -4.7000000e+02  -8.0000000e-02  -7.0000000e-02  -5.0000000e-02   0.0000000e+00   1.0000000e-01   2.0000000e-01   4.0000000e-01   8.0000000e-01   1.2500000e+00   1.3500000e+00   1.4000000e+00   1.4000000e+00   1.4000000e+00   1.4000000e+00   1.4000000e+00   1.4000000e+00   1.4000000e+00   1.4000000e+00   1.4000000e+00   1.4000000e+00   1.4000000e+00   1.3500000e+00   1.2500000e+00   8.0000000e-01   4.0000000e-01   2.0000000e-01   1.0000000e-01  -4.0000000e-02  -7.0000000e-02  -9.0000000e-02  -1.0000000e-01
  -4.6000000e+02  -8.0000000e-02  -7.0000000e-02  -5.0000000e-02   0.0000000e+00   1.0000000e-01   2.0000000e-01   4.0000000e-01   8.0000000e-01   1.2500000e+00   1.3500000e+00   1.4000000e+00   1.4000000e+00   1.4000000e+00   1.4000000e+00   1.4000000e+00   1.4000000e+00   1.4000000e+00   1.4000000e+00   1.4000000e+00   1.4000000e+00   1.4000000e+00   1.3500000e+00   1.2500000e+00   8.0000000e-01   4.0000000e-01   2.0000000e-01   1.0000000e-01  -4.0000000e-02  -7.0000000e-02  -9.0000000e-02  -1.0000000e-01
  -4.5000000e+02  -8.0000000e-02  -7.0000000e-02  -5.0000000e-02   0.0000000e+00   1.0000000e-01   2.0000000e-01   4.0000000e-01   8.0000000e-01   1.2500000e+00   1.3500000e+00   1.4000000e+00   1.4000000e+00   1.4000000e+00   1.4000000e+00   1.4000000e+00   1.4000000e+00   1.4000000e+00   1.4000000e+00   1.4000000e+00   1.4000000e+00   1.4000000e+00   1.3500000e+00   1.2500000e+00   8.0000000e-01   4.0000000e-01   2.0000000e-01   1.0000000e-01  -4.0000000e-02  -7.0000000e-02  -9.0000000e-02  -1.0000000e-01
  -4.4000000e+02  -8.0000000e-02  -7.0000000e-02  -5.0000000e-02   0.0000000e+00   1.0000000e-01   2.0000000e-01   4.0000000e-01   8.0000000e-01   1.2500000e+00   1.3500000e+00   1.4000000e+00   1.4000000e+00   1.4000000e+00   1.4000000e+00   1.4000000e+00   1.4000000e+00   1.4000000e+00   1.4000000e+00   1.4000000e+00   1.4000000e+00   1.4000000e+00   1.3500000e+00   1.2500000e+00   8.0000000e-01   4.0000000e-01   2.0000000e-01   1.0000000e-01  -4.0000000e-02  -7.0000000e-02  -9.0000000e-02  -1.0000000e-01
  -4.3000000e+02  -8.0000000e-02  -7.0000000e-02  -5.0000000e-02   0.0000000e+00   1.0000000e-01   2.0000000e-01   4.0000000e-01   8.0000000e-01   1.2500000e+00   1.3500000e+00   1.4000000e+00   1.4000000e+00   1.4000000e+00   1.4000000e+00   1.4000000e+00   1.4000000e+00   1.4000000e+00   1.4000000e+00   1.4000000e+00   1.4000000e+00   1.4000000e+00   1.3500000e+00   1.2500000e+00   8.0000000e-01   4.0000000e-01   2.0000000e-01   1.0000000e-01  -4.0000000e-02  -7.0000000e-02  -9.0000000e-02  -1.0000000e-01
  -4.2000000e+02  -8.0000000e-02  -7.0000000e-02  -5.0000000e-02   0.0000000e+00   1.0000000e-01   2.0000000e-01   4.0000000e-01   8.0000000e-01   1.2500000e+00   1.3500000e+00   1.4000000e+00   1.4000000e+00   1.4000000e+00   1.4000000e+00   1.4000000e+00   1.4000000e+00   1.4000000e+00   1.4000000e+00   1.4000000e+00   1.4000000e+00   1.4000000e+00   1.3500000e+00   1.2500000e+00   8.0000000e-01   4.0000000e-01   2.0000000e-01   1.0000000e-01  -4.0000000e-02  -7.0000000e-02  -9.0000000e-02  -1.0000000e-01
  -4.1000000e+02  -8.0000000e-02  -7.0000000e-02  -5.0000000e-02   0.0000000e+00   1.0000000e-01   2.0000000e-01   4.0000000e-01   8.0000000e-01   1.2500000e+00   1.3500000e+00   1.4000000e+00   1.4000000e+00   1.4000000e+00   1.4000000e+00   1.4000000e+00   1.4000000e+00   1.4000000e+00   1.4000000e+00   1.4000000e+00   1.4000000e+00   1.4000000e+00   1.3500000e+00   1.2500000e+00   8.0000000e-01   4.0000000e-01   2.0000000e-01   1.0000000e-01  -4.0000000e-02  -7.0000000e-02  -9.0000000e-02  -1.0000000e-01
  -4.0000000e+02  -8.0000000e-02  -7.0000000e-02  -5.0000000e-02   0.0000000e+00   1.0000000e-01   2.0000000e-01   4.0000000e-01   8.0000000e-01   1.2500000e+00   1.3500000e+00   1.4000000e+00   1.4000000e+00   1.4000000e+00   1.4000000e+00   1.4000000e+00   1.4000000e+00   1.4000000e+00   1.4000000e+00   1.4000000e+00   1.4000000e+00   1.4000000e+00   1.3500000e+00   1.2500000e+00   8.0000000e-01   4.0000000e-01   2.0000000e-01   1.0000000e-01  -4.0000000e-02  -7.0000000e-02  -9.0000000e-02  -1.0000000e-01
  -3.9000000e+02  -8.0000000e-02  -7.0000000e-02  -5.0000000e-02   0.0000000e+00   1.0000000e-01   2.0000000e-01   4.0000000e-01   8.0000000e-01   1.2500000e+00   1.3500000e+00   1.4000000e+00   1.4000000e+00   1.4000000e+00   1.4000000e+00   1.4000000e+00   1.4000000e+00   1.4000000e+00   1.4000000e+00   1.4000000e+00   1.4000000e+00   1.4000000e+00   1.3500000e+00   1.2500000e+00   8.0000000e-01   4.0000000e-01   2.0000000e-01   1.0000000e-01  -4.0000000e-02  -7.0000000e-02  -9.0000000e-02  -1.0000000e-01
  -3.8000000e+02  -8.0000000e-02  -7.0000000e-02  -5.0000000e-02   0.0000000e+00   1.0000000e-01   2.0000000e-01   4.0000000e-01   8.0000000e-01   1.2500000e+00   1.3500000e+00   1.4000000e+00   1.4000000e+00   1.4000000e+00   1.4000000e+00   1.4000000e+00   1.4000000e+00   1.4000000e+00   1.4000000e+00   1.4000000e+00   1.4000000e+00   1.4000000e+00   1.3500000e+00   1.2500000e+00   8.0000000e-01   4.0000000e-01   2.0000000e-01   1.0000000e-01  -4.0000000e-02  -7.0000000e-02  -9.0000000e-02  -1.0000000e-01
  -3.7000000e+02  -8.0000000e-02  -7.0000000e-02  -5.0000000e-02   0.0000000e+00   1.0000000e-01   2.0000000e-01   4.0000000e-01   8.0000000e-01   1.2500000e+00   1.3500000e+00   1.4000000e+00   1.4000000e+00   1.4000000e+00   1.4000000e+00   1.4000000e+00   1.4000000e+00   1.4000000e+00   1.4000000e+00   1.4000000e+00   1.4000000e+00   1.4000000e+00   1.3500000e+00   1.2500000e+00   8.0000000e-01   4.0000000e-01   2.0000000e-01   1.0000000e-01  -4.0000000e-02  -7.0000000e-02  -9.0000000e-02  -1.0000000e-01
  -3.6000000e+02  -8.0000000e-02  -7.0000000e-02  -5.0000000e-02   0.0000000e+00   1.0000000e-01   2.0000000e-01   4.0000000e-01   8.0000000e-01   1.2500000e+00   1.3500000e+00   1.4000000e+00   1.4000000e+00   1.4000000e+00   1.4000000e+00   1.4000000e+00   1.4000000e+00   1.4000000e+00   1.4000000e+00   1.4000000e+00   1.4000000e+00   1.4000000e+00   1.3500000e+00   1.2500000e+00   8.0000000e-01   4.0000000e-01   2.0000000e-01   1.0000000e-01  -4.0000000e-02  -7.0000000e-02  -9.0000000e-02  -1.0000000e-01
  -3.5000000e+02  -8.0000000e-02  -7.0000000e-02  -5.0000000e-02   0.0000000e+00   1.0000000e-01   2.0000000e-01   4.0000000e-01   8.0000000e-01   1.2500000e+00   1.3500000e+00   1.4000000e+00   1.4000000e+00   1.4000000e+00   1.4000000e+00   1.4000000e+00   1.4000000e+00   1.4000000e+00   1.4000000e+00   1.4000000e+00   1.4000000e+00   1.4000000e+00   1.3500000e+00   1.2500000e+00   8.0000000e-01   4.0000000e-01   2.0000000e-01   1.0000000e-01  -4.0000000e-02  -7.0000000e-02  -9.0000000e-02  -1.0000000e-01
  -3.4000000e+02  -8.0000000e-02  -7.0000000e-02  -5.0000000e-02   0.0000000e+00   1.0000000e-01   2.0000000e-01   4.0000000e-01   8.0000000e-01   1.2500000e+00   1.3500000e+00   1.4000000e+00   1.4000000e+00   1.4000000e+00   1.4000000e+00   1.4000000e+00   1.4000000e+00   1.4000000e+00   1.4000000e+00   1.4000000e+00   1.4000000e+00   1.4000000e+00   1.3500000e+00   1.2500000e+00   8.0000000e-01   4.0000000e-01   2.0000000e-01   1.0000000e-01  -4.0000000e-02  -7.0000000e-02  -9.0000000e-02  -1.0000000e-01
  -3.3000000e+02  -8.0000000e-02  -7.0000000e-02  -5.0000000e-02   0.0000000e+00   1.0000000e-01   2.0000000e-01   4.0000000e-01   8.0000000e-01   1.2500000e+00   1.3500000e+00   1.4000000e+00   1.4000000e+00   1.4000000e+00   1.4000000e+00   1.4000000e+00   1.4000000e+00   1.4000000e+00   1.4000000e+00   1.4000000e+00   1.4000000e+00   1.4000000e+00   1.3500000e+00   1.2500000e+00   8.0000000e-01   4.0000000e-01   2.0000000e-01   1.0000000e-01  -4.0000000e-02  -7.0000000e-02  -9.0000000e-02  -1.0000000e-01
  -3.2000000e+02  -8.0000000e-02  -7.0000000e-02  -5.0000000e-02   0.0000000e+00   1.0000000e-01   2.0000000e-01   4.0000000e-01   8.0000000e-01   1.2500000e+00   1.3500000e+00   1.4000000e+00   1.4000000e+00   1.4000000e+00   1.4000000e+00   1.4000000e+00   1.4000000e+00   1.4000000e+00   1.4000000e+00   1.4000000e+00   1.4000000e+00   1.4000000e+00   1.3500000e+00   1.2500000e+00   8.0000000e-01   4.0000000e-01   2.0000000e-01   1.0000000e-01  -4.0000000e-02  -7.0000000e-02  -9.0000000e-02  -1.0000000e-01
  -3.1000000e+02  -8.0000000e-02  -7.0000000e-02  -5.0000000e-02   0.0000000e+00   1.0000000e-01   2.0000000e-01   4.0000000e-01   8.0000000e-01   1.2500000e+00   1.3500000e+00   1.4000000e+00   1.4000000e+00   1.4000000e+00   1.4000000e+00   1.4000000e+00   1.4000000e+00   1.4000000e+00   1.4000000e+00   1.4000000e+00   1.4000000e+00   1.4000000e+00   1.3500000e+00   1.2500000e+00   8.0000000e-01   4.0000000e-01   2.0000000e-01   1.0000000e-01  -4.0000000e-02  -7.0000000e-02  -9.0000000e-02  -1.0000000e-01
  -3.0000000e+02  -8.0000000e-02  -7.0000000e-02  -5.0000000e-02   0.0000000e+00   1.0000000e-01   2.0000000e-01   4.0000000e-01   8.0000000e-01   1.2500000e+00   1.3500000e+00   1.4000000e+00   1.4000000e+00   1.4000000e+00   1.4000000e+00   1.4000000e+00   1.4000000e+00   1.4000000e+00   1.4000000e+00   1.4000000e+00   1.4000000e+00   1.4000000e+00   1.3500000e+00   1.2500000e+00   8.0000000e-01   4.0000000e-01   2.0000000e-01   1.0000000e-01  -4.0000000e-02  -7.0000000e-02  -9.0000000e-02  -1.0000000e-01
  -2.9000000e+02  -8.0000000e-02  -7.0000000e-02  -5.0000000e-02   0.0000000e+00   1.0000000e-01   2.0000000e-01   4.0000000e-01   8.0000000e-01   1.2500000e+00   1.3500000e+00   1.4000000e+00   1.4000000e+00   1.4000000e+00   1.4000000e+00   1.4000000e+00   1.4000000e+00   1.4000000e+00   1.4000000e+00   1.4000000e+00   1.4000000e+00   1.4000000e+00   1.3500000e+00   1.2500000e+00   8.0000000e-01   4.0000000e-01   2.0000000e-01   1.0000000e-01  -4.0000000e-02  -7.0000000e-02  -9.0000000e-02  -1.0000000e-01
  -2.8000000e+02  -8.0000000e-02  -7.0000000e-02  -5.0000000e-02   0.0000000e+00   1.0000000e-01   2.0000000e-01   4.0000000e-01   8.0000000e-01   1.2500000e+00   1.3500000e+00   1.4000000e+00   1.4000000e+00   1.4000000e+00   1.4000000e+00   1.4000000e+00   1.4000000e+00   1.4000000e+00   1.4000000e+00   1.4000000e+00   1.4000000e+00   1.4000000e+00   1.3500000e+00   1.2500000e+00   8.0000000e-01   4.0000000e-01   2.0000000e-01   1.0000000e-01  -4.0000000e-02  -7.0000000e-02  -9.0000000e-02  -1.0000000e-01
  -2.7000000e+02  -8.0000000e-02  -7.0000000e-02  -5.0000000e-02   0.0000000e+00   1.0000000e-01   2.0000000e-01   4.0000000e-01   8.0000000e-01   1.2500000e+00   1.3500000e+00   1.4000000e+00   1.4000000e+00   1.4000000e+00   1.4000000e+00   1.4000000e+00   1.4000000e+00   1.4000000e+00   1.4000000e+00   1.4000000e+00   1.4000000e+00   1.4000000e+00   1.3500000e+00   1.2500000e+00   8.0000000e-01   4.0000000e-01   2.0000000e-01   1.0000000e-01  -4.0000000e-02  -7.0000000e-02  -9.0000000e-02  -1.0000000e-01
  -2.6000000e+02  -8.0000000e-02  -7.0000000e-02  -5.0000000e-02   0.0000000e+00   1.0000000e-01   2.0000000e-01   4.0000000e-01   8.0000000e-01   1.2500000e+00   1.3500000e+00   1.4000000e+00   1.4000000e+00   1.4000000e+00   1.4000000e+00   1.4000000e+00   1.4000000e+00   1.4000000e+00   1.4000000e+00   1.4000000e+00   1.4000000e+00   1.4000000e+00   1.3500000e+00   1.2500000e+00   8.0000000e-01   4.0000000e-01   2.0000000e-01   1.0000000e-01  -4.0000000e-02  -7.0000000e-02  -9.0000000e-02  -1.0000000e-01
  -2.5000000e+02  -8.0000000e-02  -7.0000000e-02  -5.0000000e-02   0.0000000e+00   1.0000000e-01   2.0000000e-01   4.0000000e-01   8.0000000e-01   1.2500000e+00   1.3500000e+00   1.4000000e+00   1.4000000e+00   1.4000000e+00   1.4000000e+00   1.4000000e+00   1.4000000e+00   1.4000000e+00   1.4000000e+00   1.4000000e+00   1.4000000e+00   1.4000000e+00   1.3500000e+00   1.2500000e+00   8.0000000e-01   4.0000000e-01   2.0000000e-01   1.0000000e-01  -4.0000000e-02  -7.0000000e-02  -9.0000000e-02  -1.0000000e-01
  -2.4000000e+02  -8.0000000e-02  -7.0000000e-02  -5.0000000e-02   0.0000000e+00   1.0000000e-01   2.0000000e-01   4.0000000e-01   8.0000000e-01   1.2500000e+00   1.3500000e+00   1.4000000e+00   1.4000000e+00   1.4000000e+00   1.4000000e+00   1.4000000e+00   1.4000000e+00   1.4000000e+00   1.4000000e+00   1.4000000e+00   1.4000000e+00   1.4000000e+00   1.3500000e+00   1.2500000e+00   8.0000000e-01   4.0000000e-01   2.0000000e-01   1.0000000e-01  -4.0000000e-02  -7.0000000e-02  -9.0000000e-02  -1.0000000e-01
  -2.3000000e+02  -8.0000000e-02  -7.0000000e-02  -5.0000000e-02   0.0000000e+00   1.0000000e-01   2.0000000e-01   4.0000000e-01   8.0000000e-01   1.2500000e+00   1.3500000e+00   1.4000000e+00   1.4000000e+00   1.4000000e+00   1.4000000e+00   1.4000000e+00   1.4000000e+00   1.4000000e+00   1.4000000e+00   1.4000000e+00   1.4000000e+00   1.4000000e+00   1.3500000e+00   1.2500000e+00   8.0000000e-01   4.0000000e-01   2.0000000e-01   1.0000000e-01  -4.0000000e-02  -7.0000000e-02  -9.0000000e-02  -1.0000000e-01
  -2.2000000e+02  -8.0000000e-02  -7.0000000e-02  -5.0000000e-02   0.0000000e+00   1.0000000e-01   2.0000000e-01   4.0000000e-01   8.0000000e-01   1.2500000e+00   1.3500000e+00   1.4000000e+00   1.4000000e+00   1.4000000e+00   1.4000000e+00   1.4000000e+00   1.4000000e+00   1.4000000e+00   1.4000000e+00   1.4000000e+00   1.4000000e+00   1.4000000e+00   1.3500000e+00   1.2500000e+00   8.0000000e-01   4.0000000e-01   2.0000000e-01   1.0000000e-01  -4.0000000e-02  -7.0000000e-02  -9.0000000e-02  -1.0000000e-01
  -2.1000000e+02  -8.0000000e-02  -7.0000000e-02  -5.0000000e-02   0.0000000e+00   1.0000000e-01   2.0000000e-01   4.0000000e-01   8.0000000e-01   1.2500000e+00   1.3500000e+00   1.4000000e+00   1.4000000e+00   1.4000000e+00   1.4000000e+00   1.4000000e+00   1.4000000e+00   1.4000000e+00   1.4000000e+00   1.4000000e+00   1.4000000e+00   1.4000000e+00   1.3500000e+00   1.2500000e+00   8.0000000e-01   4.0000000e-01   2.0000000e-01   1.0000000e-01  -4.0000000e-02  -7.0000000e-02  -9.0000000e-02  -1.0000000e-01
  -2.0000000e+02  -8.0000000e-02  -7.0000000e-02  -5.0000000e-02   0.0000000e+00   1.0000000e-01   2.0000000e-01   4.0000000e-01   8.0000000e-01   1.2500000e+00   1.3500000e+00   1.4000000e+00   1.4000000e+00   1.4000000e+00   1.4000000e+00   1.4000000e+00   1.4000000e+00   1.4000000e+00   1.4000000e+00   1.4000000e+00   1.4000000e+00   1.4000000e+00   1.3500000e+00   1.2500000e+00   8.0000000e-01   4.0000000e-01   2.0000000e-01   1.0000000e-01  -4.0000000e-02  -7.0000000e-02  -9.0000000e-02  -1.0000000e-01
  -1.9000000e+02  -8.0000000e-02  -7.0000000e-02  -5.0000000e-02   0.0000000e+00   1.0000000e-01   2.0000000e-01   4.0000000e-01   8.0000000e-01   1.2500000e+00   1.3500000e+00   1.4000000e+00   1.4000000e+00   1.4000000e+00   1.4000000e+00   1.4000000e+00   1.4000000e+00   1.4000000e+00   1.4000000e+00   1.4000000e+00   1.4000000e+00   1.4000000e+00   1.3500000e+00   1.2500000e+00   8.0000000e-01   4.0000000e-01   2.0000000e-01   1.0000000e-01  -4.0000000e-02  -7.0000000e-02  -9.0000000e-02  -1.0000000e-01
  -1.8000000e+02  -8.0000000e-02  -7.0000000e-02  -5.0000000e-02   0.0000000e+00   1.0000000e-01   2.0000000e-01   4.0000000e-01   8.0000000e-01   1.2500000e+00   1.3500000e+00   1.4000000e+00   1.4000000e+00   1.4000000e+00   1.4000000e+00   1.4000000e+00   1.4000000e+00   1.4000000e+00   1.4000000e+00   1.4000000e+00   1.4000000e+00   1.4000000e+00   1.3500000e+00   1.2500000e+00   8.0000000e-01   4.0000000e-01   2.0000000e-01   1.0000000e-01  -4.0000000e-02  -7.0000000e-02  -9.0000000e-02  -1.0000000e-01
  -1.7000000e+02  -8.0000000e-02  -7.0000000e-02  -5.0000000e-02   0.0000000e+00   1.0000000e-01   2.0000000e-01   4.0000000e-01   8.0000000e-01   1.2500000e+00   1.3500000e+00   1.4000000e+00   1.4000000e+00   1.4000000e+00   1.4000000e+00   1.4000000e+00   1.4000000e+00   1.4000000e+00   1.4000000e+00   1.4000000e+00   1.4000000e+00   1.4000000e+00   1.3500000e+00   1.2500000e+00   8.0000000e-01   4.0000000e-01   2.0000000e-01   1.0000000e-01  -4.0000000e-02  -7.0000000e-02  -9.0000000e-02  -1.0000000e-01
  -1.6000000e+02  -8.0000000e-02  -7.0000000e-02  -5.0000000e-02   0.0000000e+00   1.0000000e-01   2.0000000e-01   4.0000000e-01   8.0000000e-01   1.2500000e+00   1.3500000e+00   1.4000000e+00   1.4000000e+00   1.4000000e+00   1.4000000e+00   1.4000000e+00   1.4000000e+00   1.4000000e+00   1.4000000e+00   1.4000000e+00   1.4000000e+00   1.4000000e+00   1.3500000e+00   1.2500000e+00   8.0000000e-01   4.0000000e-01   2.0000000e-01   1.0000000e-01  -4.0000000e-02  -7.0000000e-02  -9.0000000e-02  -1.0000000e-01
  -1.5000000e+02  -8.0000000e-02  -7.0000000e-02  -5.0000000e-02   0.0000000e+00   1.0000000e-01   2.0000000e-01   4.0000000e-01   8.0000000e-01   1.2500000e+00   1.3500000e+00   1.4000000e+00   1.4000000e+00   1.4000000e+00   1.4000000e+00   1.4000000e+00   1.4000000e+00   1.4000000e+00   1.4000000e+00   1.4000000e+00   1.4000000e+00   1.4000000e+00   1.3500000e+00   1.2500000e+00   8.0000000e-01   4.0000000e-01   2.0000000e-01   1.0000000e-01  -4.0000000e-02  -7.0000000e-02  -9.0000000e-02  -1.0000000e-01
  -1.4000000e+02  -8.0000000e-02  -7.0000000e-02  -5.0000000e-02   0.0000000e+00   1.0000000e-01   2.0000000e-01   4.0000000e-01   8.0000000e-01   1.2500000e+00   1.3500000e+00   1.4000000e+00   1.4000000e+00   1.4000000e+00   1.4000000e+00   1.4000000e+00   1.4000000e+00   1.4000000e+00   1.4000000e+00   1.4000000e+00   1.4000000e+00   1.4000000e+00   1.3500000e+00   1.2500000e+00   8.0000000e-01   4.0000000e-01   2.0000000e-01   1.0000000e-01  -4.0000000e-02  -7.0000000e-02  -9.0000000e-02  -1.0000000e-01
  -1.3000000e+02  -8.0000000e-02  -7.0000000e-02  -5.0000000e-02   0.0000000e+00   1.0000000e-01   2.0000000e-01   4.0000000e-01   8.0000000e-01   1.2500000e+00   1.3500000e+00   1.4000000e+00   1.4000000e+00   1.4000000e+00   1.4000000e+00   1.4000000e+00   1.4000000e+00   1.4000000e+00   1.4000000e+00   1.4000000e+00   1.4000000e+00   1.4000000e+00   1.3500000e+00   1.2500000e+00   8.0000000e-01   4.0000000e-01   2.0000000e-01   1.0000000e-01  -4.0000000e-02  -7.0000000e-02  -9.0000000e-02  -1.0000000e-01
  -1.2000000e+02  -8.0000000e-02  -7.0000000e-02  -5.0000000e-02   0.0000000e+00   1.0000000e-01   2.0000000e-01   4.0000000e-01   8.0000000e-01   1.2500000e+00   1.3500000e+00   1.4000000e+00   1.4000000e+00   1.4000000e+00   1.4000000e+00   1.4000000e+00   1.4000000e+00   1.4000000e+00   1.4000000e+00   1.4000000e+00   1.4000000e+00   1.4000000e+00   1.3500000e+00   1.2500000e+00   8.0000000e-01   4.0000000e-01   2.0000000e-01   1.0000000e-01  -4.0000000e-02  -7.0000000e-02  -9.0000000e-02  -1.0000000e-01
  -1.1000000e+02  -8.0000000e-02  -7.0000000e-02  -5.0000000e-02   0.0000000e+00   1.0000000e-01   2.0000000e-01   4.0000000e-01   8.0000000e-01   1.2500000e+00   1.3500000e+00   1.4000000e+00   1.4000000e+00   1.4000000e+00   1.4000000e+00   1.4000000e+00   1.4000000e+00   1.4000000e+00   1.4000000e+00   1.4000000e+00   1.4000000e+00   1.4000000e+00   1.3500000e+00   1.2500000e+00   8.0000000e-01   4.0000000e-01   2.0000000e-01   1.0000000e-01  -4.0000000e-02  -7.0000000e-02  -9.0000000e-02  -1.0000000e-01
  -1.0000000e+02  -8.0000000e-02  -7.0000000e-02  -5.0000000e-02   0.0000000e+00   1.0000000e-01   2.0000000e-01   4.0000000e-01   8.0000000e-01   1.2500000e+00   1.3500000e+00   1.4000000e+00   1.4000000e+00   1.4000000e+00   1.4000000e+00   1.4000000e+00   1.4000000e+00   1.4000000e+00   1.4000000e+00   1.4000000e+00   1.4000000e+00   1.4000000e+00   1.3500000e+00   1.2500000e+00   8.0000000e-01   4.0000000e-01   2.0000000e-01   1.0000000e-01  -4.0000000e-02  -7.0000000e-02  -9.0000000e-02  -1.0000000e-01
  -9.0000000e+01  -8.0000000e-02  -7.0000000e-02  -5.0000000e-02   0.0000000e+00   1.0000000e-01   2.0000000e-01   4.0000000e-01   8.0000000e-01   1.2500000e+00   1.3500000e+00   1.4000000e+00   1.4000000e+00   1.4000000e+00   1.4000000e+00   1.4000000e+00   1.4000000e+00   1.4000000e+00   1.4000000e+00   1.4000000e+00   1.4000000e+00   1.4000000e+00   1.3500000e+00   1.2500000e+00   8.0000000e-01   4.0000000e-01   2.0000000e-01   1.0000000e-01  -4.0000000e-02  -7.0000000e-02  -9.0000000e-02  -1.0000000e-01
  -8.0000000e+01  -8.0000000e-02  -7.0000000e-02  -5.0000000e-02   0.0000000e+00   1.0000000e-01   2.0000000e-01   4.0000000e-01   8.0000000e-01   1.2500000e+00   1.3500000e+00   1.4000000e+00   1.4000000e+00   1.4000000e+00   1.4000000e+00   1.4000000e+00   1.4000000e+00   1.4000000e+00   1.4000000e+00   1.4000000e+00   1.4000000e+00   1.4000000e+00   1.3500000e+00   1.2500000e+00   8.0000000e-01   4.0000000e-01   2.0000000e-01   1.0000000e-01  -4.0000000e-02  -7.0000000e-02  -9.0000000e-02  -1.0000000e-01
  -7.0000000e+01  -8.0000000e-02  -7.0000000e-02  -5.0000000e-02   0.0000000e+00   1.0000000e-01   2.0000000e-01   4.0000000e-01   8.0000000e-01   1.2500000e+00   1.3500000e+00   1.4000000e+00   1.4000000e+00   1.4000000e+00   1.4000000e+00   1.4000000e+00   1.4000000e+00   1.4000000e+00   1.4000000e+00   1.4000000e+00   1.4000000e+00   1.4000000e+00   1.3500000e+00   1.2500000e+00   8.0000000e-01   4.0000000e-01   2.0000000e-01   1.0000000e-01  -4.0000000e-02  -7.0000000e-02  -9.0000000e-02  -1.0000000e-01
  -6.0000000e+01  -8.0000000e-02  -7.0000000e-02  -5.0000000e-02   0.0000000e+00   1.0000000e-01   2.0000000e-01   4.0000000e-01   8.0000000e-01   1.2500000e+00   1.3500000e+00   1.4000000e+00   1.4000000e+00   1.4000000e+00   1.4000000e+00   1.4000000e+00   1.4000000e+00   1.4000000e+00   1.4000000e+00   1.4000000e+00   1.4000000e+00   1.4000000e+00   1.3500000e+00   1.2500000e+00   8.0000000e-01   4.0000000e-01   2.0000000e-01   1.0000000e-01  -4.0000000e-02  -7.0000000e-02  -9.0000000e-02  -1.0000000e-01
  -5.0000000e+01  -8.0000000e-02  -7.0000000e-02  -5.0000000e-02   0.0000000e+00   1.0000000e-01   2.0000000e-01   4.0000000e-01   8.0000000e-01   1.2500000e+00   1.3500000e+00   1.4000000e+00   1.4000000e+00   1.4000000e+00   1.4000000e+00   1.4000000e+00   1.4000000e+00   1.4000000e+00   1.4000000e+00   1.4000000e+00   1.4000000e+00   1.4000000e+00   1.3500000e+00   1.2500000e+00   8.0000000e-01   4.0000000e-01   2.0000000e-01   1.0000000e-01  -4.0000000e-02  -7.0000000e-02  -9.0000000e-02  -1.0000000e-01
  -4.0000000e+01  -8.0000000e-02  -7.0000000e-02  -5.0000000e-02   0.0000000e+00   1.0000000e-01   2.0000000e-01   4.0000000e-01   8.0000000e-01   1.2500000e+00   1.3500000e+00   1.4000000e+00   1.4000000e+00   1.4000000e+00   1.4000000e+00   1.4000000e+00   1.4000000e+00   1.4000000e+00   1.4000000e+00   1.4000000e+00   1.4000000e+00   1.4000000e+00   1.3500000e+00   1.2500000e+00   8.0000000e-01   4.0000000e-01   2.0000000e-01   1.0000000e-01  -4.0000000e-02  -7.0000000e-02  -9.0000000e-02  -1.0000000e-01
  -3.0000000e+01  -8.0000000e-02  -7.0000000e-02  -5.0000000e-02   0.0000000e+00   1.0000000e-01   2.0000000e-01   4.0000000e-01   8.0000000e-01   1.2500000e+00   1.3500000e+00   1.4000000e+00   1.4000000e+00   1.4000000e+00   1.4000000e+00   1.4000000e+00   1.4000000e+00   1.4000000e+00   1.4000000e+00   1.4000000e+00   1.4000000e+00   1.4000000e+00   1.3500000e+00   1.2500000e+00   8.0000000e-01   4.0000000e-01   2.0000000e-01   1.0000000e-01  -4.0000000e-02  -7.0000000e-02  -9.0000000e-02  -1.0000000e-01
  -2.0000000e+01  -8.0000000e-02  -7.0000000e-02  -5.0000000e-02   0.0000000e+00   1.0000000e-01   2.0000000e-01   4.0000000e-01   8.0000000e-01   1.2500000e+00   1.3500000e+00   1.4000000e+00   1.4000000e+00   1.4000000e+00   1.4000000e+00   1.4000000e+00   1.4000000e+00   1.4000000e+00   1.4000000e+00   1.4000000e+00   1.4000000e+00   1.4000000e+00   1.3500000e+00   1.2500000e+00   8.0000000e-01   4.0000000e-01   2.0000000e-01   1.0000000e-01  -4.0000000e-02  -7.0000000e-02  -9.0000000e-02  -1.0000000e-01
  -1.0000000e+01  -8.0000000e-02  -7.0000000e-02  -5.0000000e-02   0.0000000e+00   1.0000000e-01   2.0000000e-01   4.0000000e-01   8.0000000e-01   1.2500000e+00   1.3500000e+00   1.4000000e+00   1.4000000e+00   1.4000000e+00   1.4000000e+00   1.4000000e+00   1.4000000e+00   1.4000000e+00   1.4000000e+00   1.4000000e+00   1.4000000e+00   1.4000000e+00   1.3500000e+00   1.2500000e+00   8.0000000e-01   4.0000000e-01   2.0000000e-01   1.0000000e-01  -4.0000000e-02  -7.0000000e-02  -9.0000000e-02  -1.0000000e-01
   0.0000000e+00  -8.0000000e-02  -7.0000000e-02  -5.0000000e-02   0.0000000e+00   1.0000000e-01   2.0000000e-01   4.0000000e-01   8.0000000e-01   1.2500000e+00   1.3500000e+00   1.4000000e+00   1.4000000e+00   1.4000000e+00   1.4000000e+00   1.4000000e+00   1.4000000e+00   1.4000000e+00   1.4000000e+00   1.4000000e+00   1.4000000e+00   1.4000000e+00   1.3500000e+00   1.2500000e+00   8.0000000e-01   4.0000000e-01   2.0000000e-01   1.0000000e-01  -4.0000000e-02  -7.0000000e-02  -9.0000000e-02  -1.0000000e-01
   1.0000000e+01  -8.0000000e-02  -7.0000000e-02  -5.0000000e-02   0.0000000e+00   1.0000000e-01   2.0000000e-01   4.0000000e-01   8.0000000e-01   1.2500000e+00   1.3500000e+00   1.4000000e+00   1.4000000e+00   1.4000000e+00   1.4000000e+00   1.4000000e+00   1.4000000e+00   1.4000000e+00   1.4000000e+00   1.4000000e+00   1.4000000e+00   1.4000000e+00   1.3500000e+00   1.2500000e+00   8.0000000e-01   4.0000000e-01   2.0000000e-01   1.0000000e-01  -4.0000000e-02  -7.0000000e-02  -9.0000000e-02  -1.0000000e-01
   2.0000000e+01  -8.0000000e-02  -7.0000000e-02  -5.0000000e-02   0.0000000e+00   1.0000000e-01   2.0000000e-01   4.0000000e-01   8.0000000e-01   1.2500000e+00   1.3500000e+00   1.4000000e+00   1.4000000e+00   1.4000000e+00   1.4000000e+00   1.4000000e+00   1.4000000e+00   1.4000000e+00   1.4000000e+00   1.4000000e+00   1.4000000e+00   1.4000000e+00   1.3500000e+00   1.2500000e+00   8.0000000e-01   4.0000000e-01   2.0000000e-01   1.0000000e-01  -4.0000000e-02  -7.0000000e-02  -9.0000000e-02  -1.0000000e-01
   3.0000000e+01  -8.0000000e-02  -7.0000000e-02  -5.0000000e-02   0.0000000e+00   1.0000000e-01   2.0000000e-01   4.0000000e-01   8.0000000e-01   1.2500000e+00   1.3500000e+00   1.4000000e+00   1.4000000e+00   1.4000000e+00   1.4000000e+00   1.4000000e+00   1.4000000e+00   1.4000000e+00   1.4000000e+00   1.4000000e+00   1.4000000e+00   1.4000000e+00   1.3500000e+00   1.2500000e+00   8.0000000e-01   4.0000000e-01   2.0000000e-01   1.0000000e-01  -4.0000000e-02  -7.0000000e-02  -9.0000000e-02  -1.0000000e-01
   4.0000000e+01  -8.0000000e-02  -7.0000000e-02  -5.0000000e-02   0.0000000e+00   1.0000000e-01   2.0000000e-01   4.0000000e-01   8.0000000e-01   1.2500000e+00   1.3500000e+00   1.4000000e+00   1.4000000e+00   1.4000000e+00   1.4000000e+00   1.4000000e+00   1.4000000e+00   1.4000000e+00   1.4000000e+00   1.4000000e+00   1.4000000e+00   1.4000000e+00   1.3500000e+00   1.2500000e+00   8.0000000e-01   4.0000000e-01   2.0000000e-01   1.0000000e-01  -4.0000000e-02  -7.0000000e-02  -9.0000000e-02  -1.0000000e-01
   5.0000000e+01  -8.0000000e-02  -7.0000000e-02  -5.0000000e-02   0.0000000e+00   1.0000000e-01   2.0000000e-01   4.0000000e-01   8.0000000e-01   1.2500000e+00   1.3500000e+00   1.4000000e+00   1.4000000e+00   1.4000000e+00   1.4000000e+00   1.4000000e+00   1.4000000e+00   1.4000000e+00   1.4000000e+00   1.4000000e+00   1.4000000e+00   1.4000000e+00   1.3500000e+00   1.2500000e+00   8.0000000e-01   4.0000000e-01   2.0000000e-01   1.0000000e-01  -4.0000000e-02  -7.0000000e-02  -9.0000000e-02  -1.0000000e-01
   6.0000000e+01  -8.0000000e-02  -7.0000000e-02  -5.0000000e-02   0.0000000e+00   1.0000000e-01   2.0000000e-01   4.0000000e-01   8.0000000e-01   1.2500000e+00   1.3500000e+00   1.4000000e+00   1.4000000e+00   1.4000000e+00   1.4000000e+00   1.4000000e+00   1.4000000e+00   1.4000000e+00   1.4000000e+00   1.4000000e+00   1.4000000e+00   1.4000000e+00   1.3500000e+00   1.2500000e+00   8.0000000e-01   4.0000000e-01   2.0000000e-01   1.0000000e-01  -4.0000000e-02  -7.0000000e-02  -9.0000000e-02  -1.0000000e-01
   7.0000000e+01  -8.0000000e-02  -7.0000000e-02  -5.0000000e-02   0.0000000e+00   1.0000000e-01   2.0000000e-01   4.0000000e-01   8.0000000e-01   1.2500000e+00   1.3500000e+00   1.4000000e+00   1.4000000e+00   1.4000000e+00   1.4000000e+00   1.4000000e+00   1.4000000e+00   1.4000000e+00   1.4000000e+00   1.4000000e+00   1.4000000e+00   1.4000000e+00   1.3500000e+00   1.2500000e+00   8.0000000e-01   4.0000000e-01   2.0000000e-01   1.0000000e-01  -4.0000000e-02  -7.0000000e-02  -9.0000000e-02  -1.0000000e-01
   8.0000000e+01  -8.0000000e-02  -7.0000000e-02  -5.0000000e-02   0.0000000e+00   1.0000000e-01   2.0000000e-01   4.0000000e-01   8.0000000e-01   1.2500000e+00   1.3500000e+00   1.4000000e+00   1.4000000e+00   1.4000000e+00   1.4000000e+00   1.4000000e+00   1.4000000e+00   1.4000000e+00   1.4000000e+00   1.4000000e+00   1.4000000e+00   1.4000000e+00   1.3500000e+00   1.2500000e+00   8.0000000e-01   4.0000000e-01   2.0000000e-01   1.0000000e-01  -4.0000000e-02  -7.0000000e-02  -9.0000000e-02  -1.0000000e-01
   9.0000000e+01  -8.0000000e-02  -7.0000000e-02  -5.0000000e-02   0.0000000e+00   1.0000000e-01   2.0000000e-01   4.0000000e-01   8.0000000e-01   1.2500000e+00   1.3500000e+00   1.4000000e+00   1.4000000e+00   1.4000000e+00   1.4000000e+00   1.4000000e+00   1.4000000e+00   1.4000000e+00   1.4000000e+00   1.4000000e+00   1.4000000e+00   1.4000000e+00   1.3500000e+00   1.2500000e+00   8.0000000e-01   4.0000000e-01   2.0000000e-01   1.0000000e-01  -4.0000000e-02  -7.0000000e-02  -9.0000000e-02  -1.0000000e-01
   1.0000000e+02  -8.0000000e-02  -7.0000000e-02  -5.0000000e-02   0.0000000e+00   1.0000000e-01   2.0000000e-01   4.0000000e-01   8.0000000e-01   1.2500000e+00   1.3500000e+00   1.4000000e+00   1.4000000e+00   1.4000000e+00   1.4000000e+00   1.4000000e+00   1.4000000e+00   1.4000000e+00   1.4000000e+00   1.4000000e+00   1.4000000e+00   1.4000000e+00   1.3500000e+00   1.2500000e+00   8.0000000e-01   4.0000000e-01   2.0000000e-01   1.0000000e-01  -4.0000000e-02  -7.0000000e-02  -9.0000000e-02  -1.0000000e-01
   1.1000000e+02  -8.0000000e-02  -7.0000000e-02  -5.0000000e-02   0.0000000e+00   1.0000000e-01   2.0000000e-01   4.0000000e-01   8.0000000e-01   1.2500000e+00   1.3500000e+00   1.4000000e+00   1.4000000e+00   1.4000000e+00   1.4000000e+00   1.4000000e+00   1.4000000e+00   1.4000000e+00   1.4000000e+00   1.4000000e+00   1.4000000e+00   1.4000000e+00   1.3500000e+00   1.2500000e+00   8.0000000e-01   4.0000000e-01   2.0000000e-01   1.0000000e-01  -4.0000000e-02  -7.0000000e-02  -9.0000000e-02  -1.0000000e-01
   1.2000000e+02  -8.0000000e-02  -7.0000000e-02  -5.0000000e-02   0.0000000e+00   1.0000000e-01   2.0000000e-01   4.0000000e-01   8.0000000e-01   1.2500000e+00   1.3500000e+00   1.4000000e+00   1.4000000e+00   1.4000000e+00   1.4000000e+00   1.4000000e+00   1.4000000e+00   1.4000000e+00   1.4000000e+00   1.4000000e+00   1.4000000e+00   1.4000000e+00   1.3500000e+00   1.2500000e+00   8.0000000e-01   4.0000000e-01   2.0000000e-01   1.0000000e-01  -4.0000000e-02  -7.0000000e-02  -9.0000000e-02  -1.0000000e-01
   1.3000000e+02  -8.0000000e-02  -7.0000000e-02  -5.0000000e-02   0.0000000e+00   1.0000000e-01   2.0000000e-01   4.0000000e-01   8.0000000e-01   1.2500000e+00   1.3500000e+00   1.4000000e+00   1.4000000e+00   1.4000000e+00   1.4000000e+00   1.4000000e+00   1.4000000e+00   1.4000000e+00   1.4000000e+00   1.4000000e+00   1.4000000e+00   1.4000000e+00   1.3500000e+00   1.2500000e+00   8.0000000e-01   4.0000000e-01   2.0000000e-01   1.0000000e-01  -4.0000000e-02  -7.0000000e-02  -9.0000000e-02  -1.0000000e-01
   1.4000000e+02  -8.0000000e-02  -7.0000000e-02  -5.0000000e-02   0.0000000e+00   1.0000000e-01   2.0000000e-01   4.0000000e-01   8.0000000e-01   1.2500000e+00   1.3500000e+00   1.4000000e+00   1.4000000e+00   1.4000000e+00   1.4000000e+00   1.4000000e+00   1.4000000e+00   1.4000000e+00   1.4000000e+00   1.4000000e+00   1.4000000e+00   1.4000000e+00   1.3500000e+00   1.2500000e+00   8.0000000e-01   4.0000000e-01   2.0000000e-01   1.0000000e-01  -4.0000000e-02  -7.0000000e-02  -9.0000000e-02  -1.0000000e-01
   1.5000000e+02  -8.0000000e-02  -7.0000000e-02  -5.0000000e-02   0.0000000e+00   1.0000000e-01   2.0000000e-01   4.0000000e-01   8.0000000e-01   1.2500000e+00   1.3500000e+00   1.4000000e+00   1.4000000e+00   1.4000000e+00   1.4000000e+00   1.4000000e+00   1.4000000e+00   1.4000000e+00   1.4000000e+00   1.4000000e+00   1.4000000e+00   1.4000000e+00   1.3500000e+00   1.2500000e+00   8.0000000e-01   4.0000000e-01   2.0000000e-01   1.0000000e-01  -4.0000000e-02  -7.0000000e-02  -9.0000000e-02  -1.0000000e-01
   1.6000000e+02  -8.0000000e-02  -7.0000000e-02  -5.0000000e-02   0.0000000e+00   1.0000000e-01   2.0000000e-01   4.0000000e-01   8.0000000e-01   1.2500000e+00   1.3500000e+00   1.4000000e+00   1.4000000e+00   1.4000000e+00   1.4000000e+00   1.4000000e+00   1.4000000e+00   1.4000000e+00   1.4000000e+00   1.4000000e+00   1.4000000e+00   1.4000000e+00   1.3500000e+00   1.2500000e+00   8.0000000e-01   4.0000000e-01   2.0000000e-01   1.0000000e-01  -4.0000000e-02  -7.0000000e-02  -9.0000000e-02  -1.0000000e-01
   1.7000000e+02  -8.0000000e-02  -7.0000000e-02  -5.0000000e-02   0.0000000e+00   1.0000000e-01   2.0000000e-01   4.0000000e-01   8.0000000e-01   1.2500000e+00   1.3500000e+00   1.4000000e+00   1.4000000e+00   1.4000000e+00   1.4000000e+00   1.4000000e+00   1.4000000e+00   1.4000000e+00   1.4000000e+00   1.4000000e+00   1.4000000e+00   1.4000000e+00   1.3500000e+00   1.2500000e+00   8.0000000e-01   4.0000000e-01   2.0000000e-01   1.0000000e-01  -4.0000000e-02  -7.0000000e-02  -9.0000000e-02  -1.0000000e-01
   1.8000000e+02  -8.0000000e-02  -7.0000000e-02  -5.0000000e-02   0.0000000e+00   1.0000000e-01   2.0000000e-01   4.0000000e-01   8.0000000e-01   1.2500000e+00   1.3500000e+00   1.4000000e+00   1.4000000e+00   1.4000000e+00   1.4000000e+00   1.4000000e+00   1.4000000e+00   1.4000000e+00   1.4000000e+00   1.4000000e+00   1.4000000e+00   1.4000000e+00   1.3500000e+00   1.2500000e+00   8.0000000e-01   4.0000000e-01   2.0000000e-01   1.0000000e-01  -4.0000000e-02  -7.0000000e-02  -9.0000000e-02  -1.0000000e-01
   1.9000000e+02  -8.0000000e-02  -7.0000000e-02  -5.0000000e-02   0.0000000e+00   1.0000000e-01   2.0000000e-01   4.0000000e-01   8.0000000e-01   1.2500000e+00   1.3500000e+00   1.4000000e+00   1.4000000e+00   1.4000000e+00   1.4000000e+00   1.4000000e+00   1.4000000e+00   1.4000000e+00   1.4000000e+00   1.4000000e+00   1.4000000e+00   1.4000000e+00   1.3500000e+00   1.2500000e+00   8.0000000e-01   4.0000000e-01   2.0000000e-01   1.0000000e-01  -4.0000000e-02  -7.0000000e-02  -9.0000000e-02  -1.0000000e-01
   2.0000000e+02  -8.0000000e-02  -7.0000000e-02  -5.0000000e-02   0.0000000e+00   1.0000000e-01   2.0000000e-01   4.0000000e-01   8.0000000e-01   1.2500000e+00   1.3500000e+00   1.4000000e+00   1.4000000e+00   1.4000000e+00   1.4000000e+00   1.4000000e+00   1.4000000e+00   1.4000000e+00   1.4000000e+00   1.4000000e+00   1.4000000e+00   1.4000000e+00   1.3500000e+00   1.2500000e+00   8.0000000e-01   4.0000000e-01   2.0000000e-01   1.0000000e-01  -4.0000000e-02  -7.0000000e-02  -9.0000000e-02  -1.0000000e-01
   2.1000000e+02  -8.0000000e-02  -7.0000000e-02  -5.0000000e-02   0.0000000e+00   1.0000000e-01   2.0000000e-01   4.0000000e-01   8.0000000e-01   1.2500000e+00   1.3500000e+00   1.4000000e+00   1.4000000e+00   1.4000000e+00   1.4000000e+00   1.4000000e+00   1.4000000e+00   1.4000000e+00   1.4000000e+00   1.4000000e+00   1.4000000e+00   1.4000000e+00   1.3500000e+00   1.2500000e+00   8.0000000e-01   4.0000000e-01   2.0000000e-01   1.0000000e-01  -4.0000000e-02  -7.0000000e-02  -9.0000000e-02  -1.0000000e-01
   2.2000000e+02  -8.0000000e-02  -7.0000000e-02  -5.0000000e-02   0.0000000e+00   1.0000000e-01   2.0000000e-01   4.0000000e-01   8.0000000e-01   1.2500000e+00   1.3500000e+00   1.4000000e+00   1.4000000e+00   1.4000000e+00   1.4000000e+00   1.4000000e+00   1.4000000e+00   1.4000000e+00   1.4000000e+00   1.4000000e+00   1.4000000e+00   1.4000000e+00   1.3500000e+00   1.2500000e+00   8.0000000e-01   4.0000000e-01   2.0000000e-01   1.0000000e-01  -4.0000000e-02  -7.0000000e-02  -9.0000000e-02  -1.0000000e-01
   2.3000000e+02  -8.0000000e-02  -7.0000000e-02  -5.0000000e-02   0.0000000e+00   1.0000000e-01   2.0000000e-01   4.0000000e-01   8.0000000e-01   1.2500000e+00   1.3500000e+00   1.4000000e+00   1.4000000e+00   1.4000000e+00   1.4000000e+00   1.4000000e+00   1.4000000e+00   1.4000000e+00   1.4000000e+00   1.4000000e+00   1.4000000e+00   1.4000000e+00   1.3500000e+00   1.2500000e+00   8.0000000e-01   4.0000000e-01   2.0000000e-01   1.0000000e-01  -4.0000000e-02  -7.0000000e-02  -9.0000000e-02  -1.0000000e-01
   2.4000000e+02  -8.0000000e-02  -7.0000000e-02  -5.0000000e-02   0.0000000e+00   1.0000000e-01   2.0000000e-01   4.0000000e-01   8.0000000e-01   1.2500000e+00   1.3500000e+00   1.4000000e+00   1.4000000e+00   1.4000000e+00   1.4000000e+00   1.4000000e+00   1.4000000e+00   1.4000000e+00   1.4000000e+00   1.4000000e+00   1.4000000e+00   1.4000000e+00   1.3500000e+00   1.2500000e+00   8.0000000e-01   4.0000000e-01   2.0000000e-01   1.0000000e-01  -4.0000000e-02  -7.0000000e-02  -9.0000000e-02  -1.0000000e-01
   2.5000000e+02  -8.0000000e-02  -7.0000000e-02  -5.0000000e-02   0.0000000e+00   1.0000000e-01   2.0000000e-01   4.0000000e-01   8.0000000e-01   1.2500000e+00   1.3500000e+00   1.4000000e+00   1.4000000e+00   1.4000000e+00   1.4000000e+00   1.4000000e+00   1.4000000e+00   1.4000000e+00   1.4000000e+00   1.4000000e+00   1.4000000e+00   1.4000000e+00   1.3500000e+00   1.2500000e+00   8.0000000e-01   4.0000000e-01   2.0000000e-01   1.0000000e-01  -4.0000000e-02  -7.0000000e-02  -9.0000000e-02  -1.0000000e-01
   2.6000000e+02  -8.0000000e-02  -7.0000000e-02  -5.0000000e-02   0.0000000e+00   1.0000000e-01   2.0000000e-01   4.0000000e-01   8.0000000e-01   1.2500000e+00   1.3500000e+00   1.4000000e+00   1.4000000e+00   1.4000000e+00   1.4000000e+00   1.4000000e+00   1.4000000e+00   1.4000000e+00   1.4000000e+00   1.4000000e+00   1.4000000e+00   1.4000000e+00   1.3500000e+00   1.2500000e+00   8.0000000e-01   4.0000000e-01   2.0000000e-01   1.0000000e-01  -4.0000000e-02  -7.0000000e-02  -9.0000000e-02  -1.0000000e-01
   2.7000000e+02  -8.0000000e-02  -7.0000000e-02  -5.0000000e-02   0.0000000e+00   1.0000000e-01   2.0000000e-01   4.0000000e-01   8.0000000e-01   1.2500000e+00   1.3500000e+00   1.4000000e+00   1.4000000e+00   1.4000000e+00   1.4000000e+00   1.4000000e+00   1.4000000e+00   1.4000000e+00   1.4000000e+00   1.4000000e+00   1.4000000e+00   1.4000000e+00   1.3500000e+00   1.2500000e+00   8.0000000e-01   4.0000000e-01   2.0000000e-01   1.0000000e-01  -4.0000000e-02  -7.0000000e-02  -9.0000000e-02  -1.0000000e-01
   2.8000000e+02  -8.0000000e-02  -7.0000000e-02  -5.0000000e-02   0.0000000e+00   1.0000000e-01   2.0000000e-01   4.0000000e-01   8.0000000e-01   1.2500000e+00   1.3500000e+00   1.4000000e+00   1.4000000e+00   1.4000000e+00   1.4000000e+00   1.4000000e+00   1.4000000e+00   1.4000000e+00   1.4000000e+00   1.4000000e+00   1.4000000e+00   1.4000000e+00   1.3500000e+00   1.2500000e+00   8.0000000e-01   4.0000000e-01   2.0000000e-01   1.0000000e-01  -4.0000000e-02  -7.0000000e-02  -9.0000000e-02  -1.0000000e-01
   2.9000000e+02  -8.0000000e-02  -7.0000000e-02  -5.0000000e-02   0.0000000e+00   1.0000000e-01   2.0000000e-01   4.0000000e-01   8.0000000e-01   1.2500000e+00   1.3500000e+00   1.4000000e+00   1.4000000e+00   1.4000000e+00   1.4000000e+00   1.4000000e+00   1.4000000e+00   1.4000000e+00   1.4000000e+00   1.4000000e+00   1.4000000e+00   1.4000000e+00   1.3500000e+00   1.2500000e+00   8.0000000e-01   4.0000000e-01   2.0000000e-01   1.0000000e-01  -4.0000000e-02  -7.0000000e-02  -9.0000000e-02  -1.0000000e-01
   3.0000000e+02  -8.0000000e-02  -7.0000000e-02  -5.0000000e-02   0.0000000e+00   1.0000000e-01   2.0000000e-01   4.0000000e-01   8.0000000e-01   1.2500000e+00   1.3500000e+00   1.4000000e+00   1.4000000e+00   1.4000000e+00   1.4000000e+00   1.4000000e+00   1.4000000e+00   1.4000000e+00   1.4000000e+00   1.4000000e+00   1.4000000e+00   1.4000000e+00   1.3500000e+00   1.2500000e+00   8.0000000e-01   4.0000000e-01   2.0000000e-01   1.0000000e-01  -4.0000000e-02  -7.0000000e-02  -9.0000000e-02  -1.0000000e-01
   3.1000000e+02  -8.0000000e-02  -7.0000000e-02  -5.0000000e-02   0.0000000e+00   1.0000000e-01   2.0000000e-01   4.0000000e-01   8.0000000e-01   1.2500000e+00   1.3500000e+00   1.4000000e+00   1.4000000e+00   1.4000000e+00   1.4000000e+00   1.4000000e+00   1.4000000e+00   1.4000000e+00   1.4000000e+00   1.4000000e+00   1.4000000e+00   1.4000000e+00   1.3500000e+00   1.2500000e+00   8.0000000e-01   4.0000000e-01   2.0000000e-01   1.0000000e-01  -4.0000000e-02  -7.0000000e-02  -9.0000000e-02  -1.0000000e-01
   3.2000000e+02  -8.0000000e-02  -7.0000000e-02  -5.0000000e-02   0.0000000e+00   1.0000000e-01   2.0000000e-01   4.0000000e-01   8.0000000e-01   1.2500000e+00   1.3500000e+00   1.4000000e+00   1.4000000e+00   1.4000000e+00   1.4000000e+00   1.4000000e+00   1.4000000e+00   1.4000000e+00   1.4000000e+00   1.4000000e+00   1.4000000e+00   1.4000000e+00   1.3500000e+00   1.2500000e+00   8.0000000e-01   4.0000000e-01   2.0000000e-01   1.0000000e-01  -4.0000000e-02  -7.0000000e-02  -9.0000000e-02  -1.0000000e-01
   3.3000000e+02  -8.0000000e-02  -7.0000000e-02  -5.0000000e-02   0.0000000e+00   1.0000000e-01   2.0000000e-01   4.0000000e-01   8.0000000e-01   1.2500000e+00   1.3500000e+00   1.4000000e+00   1.4000000e+00   1.4000000e+00   1.4000000e+00   1.4000000e+00   1.4000000e+00   1.4000000e+00   1.4000000e+00   1.4000000e+00   1.4000000e+00   1.4000000e+00   1.3500000e+00   1.2500000e+00   8.0000000e-01   4.0000000e-01   2.0000000e-01   1.0000000e-01  -4.0000000e-02  -7.0000000e-02  -9.0000000e-02  -1.0000000e-01
   3.4000000e+02  -8.0000000e-02  -7.0000000e-02  -5.0000000e-02   0.0000000e+00   1.0000000e-01   2.0000000e-01   4.0000000e-01   8.0000000e-01   1.2500000e+00   1.3500000e+00   1.4000000e+00   1.4000000e+00   1.4000000e+00   1.4000000e+00   1.4000000e+00   1.4000000e+00   1.4000000e+00   1.4000000e+00   1.4000000e+00   1.4000000e+00   1.4000000e+00   1.3500000e+00   1.2500000e+00   8.0000000e-01   4.0000000e-01   2.0000000e-01   1.0000000e-01  -4.0000000e-02  -7.0000000e-02  -9.0000000e-02  -1.0000000e-01
   3.5000000e+02  -8.0000000e-02  -7.0000000e-02  -5.0000000e-02   0.0000000e+00   1.0000000e-01   2.0000000e-01   4.0000000e-01   8.0000000e-01   1.2500000e+00   1.3500000e+00   1.4000000e+00   1.4000000e+00   1.4000000e+00   1.4000000e+00   1.4000000e+00   1.4000000e+00   1.4000000e+00   1.4000000e+00   1.4000000e+00   1.4000000e+00   1.4000000e+00   1.3500000e+00   1.2500000e+00   8.0000000e-01   4.0000000e-01   2.0000000e-01   1.0000000e-01  -4.0000000e-02  -7.0000000e-02  -9.0000000e-02  -1.0000000e-01
   3.6000000e+02  -8.0000000e-02  -7.0000000e-02  -5.0000000e-02   0.0000000e+00   1.0000000e-01   2.0000000e-01   4.0000000e-01   8.0000000e-01   1.2500000e+00   1.3500000e+00   1.4000000e+00   1.4000000e+00   1.4000000e+00   1.4000000e+00   1.4000000e+00   1.4000000e+00   1.4000000e+00   1.4000000e+00   1.4000000e+00   1.4000000e+00   1.4000000e+00   1.3500000e+00   1.2500000e+00   8.0000000e-01   4.0000000e-01   2.0000000e-01   1.0000000e-01  -4.0000000e-02  -7.0000000e-02  -9.0000000e-02  -1.0000000e-01
   3.7000000e+02  -8.0000000e-02  -7.0000000e-02  -5.0000000e-02   0.0000000e+00   1.0000000e-01   2.0000000e-01   4.0000000e-01   8.0000000e-01   1.2500000e+00   1.3500000e+00   1.4000000e+00   1.4000000e+00   1.4000000e+00   1.4000000e+00   1.4000000e+00   1.4000000e+00   1.4000000e+00   1.4000000e+00   1.4000000e+00   1.4000000e+00   1.4000000e+00   1.3500000e+00   1.2500000e+00   8.0000000e-01   4.0000000e-01   2.0000000e-01   1.0000000e-01  -4.0000000e-02  -7.0000000e-02  -9.0000000e-02  -1.0000000e-01
   3.8000000e+02  -8.0000000e-02  -7.0000000e-02  -5.0000000e-02   0.0000000e+00   1.0000000e-01   2.0000000e-01   4.0000000e-01   8.0000000e-01   1.2500000e+00   1.3500000e+00   1.4000000e+00   1.4000000e+00   1.4000000e+00   1.4000000e+00   1.4000000e+00   1.4000000e+00   1.4000000e+00   1.4000000e+00   1.4000000e+00   1.4000000e+00   1.4000000e+00   1.3500000e+00   1.2500000e+00   8.0000000e-01   4.0000000e-01   2.0000000e-01   1.0000000e-01  -4.0000000e-02  -7.0000000e-02  -9.0000000e-02  -1.0000000e-01
   3.9000000e+02  -8.0000000e-02  -7.0000000e-02  -5.0000000e-02   0.0000000e+00   1.0000000e-01   2.0000000e-01   4.0000000e-01   8.0000000e-01   1.2500000e+00   1.3500000e+00   1.4000000e+00   1.4000000e+00   1.4000000e+00   1.4000000e+00   1.4000000e+00   1.4000000e+00   1.4000000e+00   1.4000000e+00   1.4000000e+00   1.4000000e+00   1.4000000e+00   1.3500000e+00   1.2500000e+00   8.0000000e-01   4.0000000e-01   2.0000000e-01   1.0000000e-01  -4.0000000e-02  -7.0000000e-02  -9.0000000e-02  -1.0000000e-01
   4.0000000e+02  -8.0000000e-02  -7.0000000e-02  -5.0000000e-02   0.0000000e+00   1.0000000e-01   2.0000000e-01   4.0000000e-01   8.0000000e-01   1.2500000e+00   1.3500000e+00   1.4000000e+00   1.4000000e+00   1.4000000e+00   1.4000000e+00   1.4000000e+00   1.4000000e+00   1.4000000e+00   1.4000000e+00   1.4000000e+00   1.4000000e+00   1.4000000e+00   1.3500000e+00   1.2500000e+00   8.0000000e-01   4.0000000e-01   2.0000000e-01   1.0000000e-01  -4.0000000e-02  -7.0000000e-02  -9.0000000e-02  -1.0000000e-01
   4.1000000e+02  -8.0000000e-02  -7.0000000e-02  -5.0000000e-02   0.0000000e+00   1.0000000e-01   2.0000000e-01   4.0000000e-01   8.0000000e-01   1.2500000e+00   1.3500000e+00   1.4000000e+00   1.4000000e+00   1.4000000e+00   1.4000000e+00   1.4000000e+00   1.4000000e+00   1.4000000e+00   1.4000000e+00   1.4000000e+00   1.4000000e+00   1.4000000e+00   1.3500000e+00   1.2500000e+00   8.0000000e-01   4.0000000e-01   2.0000000e-01   1.0000000e-01  -4.0000000e-02  -7.0000000e-02  -9.0000000e-02  -1.0000000e-01
   4.2000000e+02  -8.0000000e-02  -7.0000000e-02  -5.0000000e-02   0.0000000e+00   1.0000000e-01   2.0000000e-01   4.0000000e-01   8.0000000e-01   1.2500000e+00   1.3500000e+00   1.4000000e+00   1.4000000e+00   1.4000000e+00   1.4000000e+00   1.4000000e+00   1.4000000e+00   1.4000000e+00   1.4000000e+00   1.4000000e+00   1.4000000e+00   1.4000000e+00   1.3500000e+00   1.2500000e+00   8.0000000e-01   4.0000000e-01   2.0000000e-01   1.0000000e-01  -4.0000000e-02  -7.0000000e-02  -9.0000000e-02  -1.0000000e-01
   4.3000000e+02  -8.0000000e-02  -7.0000000e-02  -5.0000000e-02   0.0000000e+00   1.0000000e-01   2.0000000e-01   4.0000000e-01   8.0000000e-01   1.2500000e+00   1.3500000e+00   1.4000000e+00   1.4000000e+00   1.4000000e+00   1.4000000e+00   1.4000000e+00   1.4000000e+00   1.4000000e+00   1.4000000e+00   1.4000000e+00   1.4000000e+00   1.4000000e+00   1.3500000e+00   1.2500000e+00   8.0000000e-01   4.0000000e-01   2.0000000e-01   1.0000000e-01  -4.0000000e-02  -7.0000000e-02  -9.0000000e-02  -1.0000000e-01
   4.4000000e+02  -8.0000000e-02  -7.0000000e-02  -5.0000000e-02   0.0000000e+00   1.0000000e-01   2.0000000e-01   4.0000000e-01   8.0000000e-01   1.2500000e+00   1.3500000e+00   1.4000000e+00   1.4000000e+00   1.4000000e+00   1.4000000e+00   1.4000000e+00   1.4000000e+00   1.4000000e+00   1.4000000e+00   1.4000000e+00   1.4000000e+00   1.4000000e+00   1.3500000e+00   1.2500000e+00   8.0000000e-01   4.0000000e-01   2.0000000e-01   1.0000000e-01  -4.0000000e-02  -7.0000000e-02  -9.0000000e-02  -1.0000000e-01
   4.5000000e+02  -8.0000000e-02  -7.0000000e-02  -5.0000000e-02   0.0000000e+00   1.0000000e-01   2.0000000e-01   4.0000000e-01   8.0000000e-01   1.2500000e+00   1.3500000e+00   1.4000000e+00   1.4000000e+00   1.4000000e+00   1.4000000e+00   1.4000000e+00   1.4000000e+00   1.4000000e+00   1.4000000e+00   1.4000000e+00   1.4000000e+00   1.4000000e+00   1.3500000e+00   1.2500000e+00   8.0000000e-01   4.0000000e-01   2.0000000e-01   1.0000000e-01  -4.0000000e-02  -7.0000000e-02  -9.0000000e-02  -1.0000000e-01
   4.6000000e+02  -8.0000000e-02  -7.0000000e-02  -5.0000000e-02   0.0000000e+00   1.0000000e-01   2.0000000e-01   4.0000000e-01   8.0000000e-01   1.2500000e+00   1.3500000e+00   1.4000000e+00   1.4000000e+00   1.4000000e+00   1.4000000e+00   1.4000000e+00   1.4000000e+00   1.4000000e+00   1.4000000e+00   1.4000000e+00   1.4000000e+00   1.4000000e+00   1.3500000e+00   1.2500000e+00   8.0000000e-01   4.0000000e-01   2.0000000e-01   1.0000000e-01  -4.0000000e-02  -7.0000000e-02  -9.0000000e-02  -1.0000000e-01
   4.7000000e+02  -8.0000000e-02  -7.0000000e-02  -5.0000000e-02   0.0000000e+00   1.0000000e-01   2.0000000e-01   4.0000000e-01   8.0000000e-01   1.2500000e+00   1.3500000e+00   1.4000000e+00   1.4000000e+00   1.4000000e+00   1.4000000e+00   1.4000000e+00   1.4000000e+00   1.4000000e+00   1.4000000e+00   1.4000000e+00   1.4000000e+00   1.4000000e+00   1.3500000e+00   1.2500000e+00   8.0000000e-01   4.0000000e-01   2.0000000e-01   1.0000000e-01  -4.0000000e-02  -7.0000000e-02  -9.0000000e-02  -1.0000000e-01
   4.8000000e+02  -8.0000000e-02  -7.0000000e-02  -5.0000000e-02   0.0000000e+00   1.0000000e-01   2.0000000e-01   4.0000000e-01   8.0000000e-01   1.2500000e+00   1.3500000e+00   1.4000000e+00   1.4000000e+00   1.4000000e+00   1.4000000e+00   1.4000000e+00   1.4000000e+00   1.4000000e+00   1.4000000e+00   1.4000000e+00   1.4000000e+00   1.4000000e+00   1.3500000e+00   1.2500000e+00   8.0000000e-01   4.0000000e-01   2.0000000e-01   1.0000000e-01  -4.0000000e-02  -7.0000000e-02  -9.0000000e-02  -1.0000000e-01
   4.9000000e+02  -8.0000000e-02  -7.0000000e-02  -5.0000000e-02   0.0000000e+00   1.0000000e-01   2.0000000e-01   4.0000000e-01   8.0000000e-01   1.2500000e+00   1.3500000e+00   1.4000000e+00   1.4000000e+00   1.4000000e+00   1.4000000e+00   1.4000000e+00   1.4000000e+00   1.4000000e+00   1.4000000e+00   1.4000000e+00   1.4000000e+00   1.4000000e+00   1.3500000e+00   1.2500000e+00   8.0000000e-01   4.0000000e-01   2.0000000e-01   1.0000000e-01  -4.0000000e-02  -7.0000000e-02  -9.0000000e-02  -1.0000000e-01
   5.0000000e+02  -8.0000000e-02  -7.0000000e-02  -5.0000000e-02   0.0000000e+00   1.0000000e-01   2.0000000e-01   4.0000000e-01   8.0000000e-01   1.2500000e+00   1.3500000e+00   1.4000000e+00   1.4000000e+00   1.4000000e+00   1.4000000e+00   1.4000000e+00   1.4000000e+00   1.4000000e+00   1.4000000e+00   1.4000000e+00   1.4000000e+00   1.4000000e+00   1.3500000e+00   1.2500000e+00   8.0000000e-01   4.0000000e-01   2.0000000e-01   1.0000000e-01  -4.0000000e-02  -7.0000000e-02  -9.0000000e-02  -1.0000000e-01
   5.1000000e+02  -8.0000000e-02  -7.0000000e-02  -5.0000000e-02   0.0000000e+00   1.0000000e-01   2.0000000e-01   4.0000000e-01   8.0000000e-01   1.2500000e+00   1.3500000e+00   1.4000000e+00   1.4000000e+00   1.4000000e+00   1.4000000e+00   1.4000000e+00   1.4000000e+00   1.4000000e+00   1.4000000e+00   1.4000000e+00   1.4000000e+00   1.4000000e+00   1.3500000e+00   1.2500000e+00   8.0000000e-01   4.0000000e-01   2.0000000e-01   1.0000000e-01  -4.0000000e-02  -7.0000000e-02  -9.0000000e-02  -1.0000000e-01
   5.2000000e+02  -8.0000000e-02  -7.0000000e-02  -5.0000000e-02   0.0000000e+00   1.0000000e-01   2.0000000e-01   4.0000000e-01   8.0000000e-01   1.2500000e+00   1.3500000e+00   1.4000000e+00   1.4000000e+00   1.4000000e+00   1.4000000e+00   1.4000000e+00   1.4000000e+00   1.4000000e+00   1.4000000e+00   1.4000000e+00   1.4000000e+00   1.4000000e+00   1.3500000e+00   1.2500000e+00   8.0000000e-01   4.0000000e-01   2.0000000e-01   1.0000000e-01  -4.0000000e-02  -7.0000000e-02  -9.0000000e-02  -1.0000000e-01
   5.3000000e+02  -8.0000000e-02  -7.0000000e-02  -5.0000000e-02   0.0000000e+00   1.0000000e-01   2.0000000e-01   4.0000000e-01   8.0000000e-01   1.2500000e+00   1.3500000e+00   1.4000000e+00   1.4000000e+00   1.4000000e+00   1.4000000e+00   1.4000000e+00   1.4000000e+00   1.4000000e+00   1.4000000e+00   1.4000000e+00   1.4000000e+00   1.4000000e+00   1.3500000e+00   1.2500000e+00   8.0000000e-01   4.0000000e-01   2.0000000e-01   1.0000000e-01  -4.0000000e-02  -7.0000000e-02  -9.0000000e-02  -1.0000000e-01
   5.4000000e+02  -8.0000000e-02  -7.0000000e-02  -5.0000000e-02   0.0000000e+00   1.0000000e-01   2.0000000e-01   4.0000000e-01   8.0000000e-01   1.2500000e+00   1.3500000e+00   1.4000000e+00   1.4000000e+00   1.4000000e+00   1.4000000e+00   1.4000000e+00   1.4000000e+00   1.4000000e+00   1.4000000e+00   1.4000000e+00   1.4000000e+00   1.4000000e+00   1.3500000e+00   1.2500000e+00   8.0000000e-01   4.0000000e-01   2.0000000e-01   1.0000000e-01  -4.0000000e-02  -7.0000000e-02  -9.0000000e-02  -1.0000000e-01
   5.5000000e+02  -8.0000000e-02  -7.0000000e-02  -5.0000000e-02   0.0000000e+00   1.0000000e-01   2.0000000e-01   4.0000000e-01   8.0000000e-01   1.2500000e+00   1.3500000e+00   1.4000000e+00   1.4000000e+00   1.4000000e+00   1.4000000e+00   1.4000000e+00   1.4000000e+00   1.4000000e+00   1.4000000e+00   1.4000000e+00   1.4000000e+00   1.4000000e+00   1.3500000e+00   1.2500000e+00   8.0000000e-01   4.0000000e-01   2.0000000e-01   1.0000000e-01  -4.0000000e-02  -7.0000000e-02  -9.0000000e-02  -1.0000000e-01
   5.6000000e+02  -7.7142857e-02  -6.7500000e-02  -4.8214286e-02   0.0000000e+00   9.6428571e-02   1.9285714e-01   3.8571429e-01   7.7142857e-01   1.2053571e+00   1.3017857e+00   1.3500000e+00   1.3500000e+00   1.3500000e+00   1.3500000e+00   1.3500000e+00   1.3500000e+00   1.3500000e+00   1.3500000e+00   1.3500000e+00   1.3500000e+00   1.3500000e+00   1.3017857e+00   1.2053571e+00   7.7142857e-01   3.8571429e-01   1.9285714e-01   9.6428571e-02  -3.8571429e-02  -6.7500000e-02  -8.6785714e-02  -9.6428571e-02
   5.7000000e+02  -7.1428571e-02  -6.2500000e-02  -4.4642857e-02   0.0000000e+00   8.9285714e-02   1.7857143e-01   3.5714286e-01   7.1428571e-01   1.1160714e+00   1.2053571e+00   1.2500000e+00   1.2500000e+00   1.2500000e+00   1.2500000e+00   1.2500000e+00   1.2500000e+00   1.2500000e+00   1.2500000e+00   1.2500000e+00   1.2500000e+00   1.2500000e+00   1.2053571e+00   1.1160714e+00   7.1428571e-01   3.5714286e-01   1.7857143e-01   8.9285714e-02  -3.5714286e-02  -6.2500000e-02  -8.0357143e-02  -8.9285714e-02
   5.8000000e+02  -4.5714286e-02  -4.0000000e-02  -2.8571429e-02   0.0000000e+00   5.7142857e-02   1.1428571e-01   2.2857143e-01   4.5714286e-01   7.1428571e-01   7.7142857e-01   8.0000000e-01   8.0000000e-01   8.0000000e-01   8.0000000e-01   8.0000000e-01   8.0000000e-01   8.0000000e-01   8.0000000e-01   8.0000000e-01   8.0000000e-01   8.0000000e-01   7.7142857e-01   7.1428571e-01   4.5714286e-01   2.2857143e-01   1.1428571e-01   5.7142857e-02  -2.2857143e-02  -4.0000000e-02  -5.1428571e-02  -5.7142857e-02
   5.9000000e+02  -2.2857143e-02  -2.0000000e-02  -1.4285714e-02   0.0000000e+00   2.8571429e-02   5.7142857e-02   1.1428571e-01   2.2857143e-01   3.5714286e-01   3.8571429e-01   4.0000000e-01   4.0000000e-01   4.0000000e-01   4.0000000e-01   4.0000000e-01   4.0000000e-01   4.0000000e-01   4.0000000e-01   4.0000000e-01   4.0000000e-01   4.0000000e-01   3.8571429e-01   3.5714286e-01   2.2857143e-01   1.1428571e-01   5.7142857e-02   2.8571429e-02  -1.1428571e-02  -2.0000000e-02  -2.5714286e-02  -2.8571429e-02
   6.0000000e+02  -1.1428571e-02  -1.0000000e-02  -7.1428571e-03   0.0000000e+00   1.4285714e-02   2.8571429e-02   5.7142857e-02   1.1428571e-01   1.7857143e-01   1.9285714e-01   2.0000000e-01   2.0000000e-01   2.0000000e-01   2.0000000e-01   2.0000000e-01   2.0000000e-01   2.0000000e-01   2.0000000e-01   2.0000000e-01   2.0000000e-01   2.0000000e-01   1.9285714e-01   1.7857143e-01   1.1428571e-01   5.7142857e-02   2.8571429e-02   1.4285714e-02  -5.7142857e-03  -1.0000000e-02  -1.2857143e-02  -1.4285714e-02
   6.1000000e+02  -5.7142857e-03  -5.0000000e-03  -3.5714286e-03   0.0000000e+00   7.1428571e-03   1.4285714e-02   2.8571429e-02   5.7142857e-02   8.9285714e-02   9.6428571e-02   1.0000000e-01   1.0000000e-01   1.0000000e-01   1.0000000e-01   1.0000000e-01   1.0000000e-01   1.0000000e-01   1.0000000e-01   1.0000000e-01   1.0000000e-01   1.0000000e-01   9.6428571e-02   8.9285714e-02   5.7142857e-02   2.8571429e-02   1.4285714e-02   7.1428571e-03  -2.8571429e-03  -5.0000000e-03  -6.4285714e-03  -7.1428571e-03
   6.2000000e+02   2.2857143e-03   2.0000000e-03   1.4285714e-03  -0.0000000e+00  -2.8571429e-03  -5.7142857e-03  -1.1428571e-02  -2.2857143e-02  -3.5714286e-02  -3.8571429e-02  -4.0000000e-02  -4.0000000e-02  -4.0000000e-02  -4.0000000e-02  -4.0000000e-02  -4.0000000e-02  -4.0000000e-02  -4.0000000e-02  -4.0000000e-02  -4.0000000e-02  -4.0000000e-02  -3.8571429e-02  -3.5714286e-02  -2.2857143e-02  -1.1428571e-02  -5.7142857e-03  -2.8571429e-03   1.1428571e-03   2.0000000e-03   2.5714286e-03   2.8571429e-03
   6.3000000e+02   4.0000000e-03   3.5000000e-03   2.5000000e-03  -0.0000000e+00  -5.0000000e-03  -1.0000000e-02  -2.0000000e-02  -4.0000000e-02  -6.2500000e-02  -6.7500000e-02  -7.0000000e-02  -7.0000000e-02  -7.0000000e-02  -7.0000000e-02  -7.0000000e-02  -7.0000000e-02  -7.0000000e-02  -7.0000000e-02  -7.0000000e-02  -7.0000000e-02  -7.0000000e-02  -6.7500000e-02  -6.2500000e-02  -4.0000000e-02  -2.0000000e-02  -1.0000000e-02  -5.0000000e-03   2.0000000e-03   3.5000000e-03   4.5000000e-03   5.0000000e-03
   6.4000000e+02   5.1428571e-03   4.5000000e-03   3.2142857e-03  -0.0000000e+00  -6.4285714e-03  -1.2857143e-02  -2.5714286e-02  -5.1428571e-02  -8.0357143e-02  -8.6785714e-02  -9.0000000e-02  -9.0000000e-02  -9.0000000e-02  -9.0000000e-02  -9.0000000e-02  -9.0000000e-02  -9.0000000e-02  -9.0000000e-02  -9.0000000e-02  -9.0000000e-02  -9.0000000e-02  -8.6785714e-02  -8.0357143e-02  -5.1428571e-02  -2.5714286e-02  -1.2857143e-02  -6.4285714e-03   2.5714286e-03   4.5000000e-03   5.7857143e-03   6.4285714e-03
   6.5000000e+02   5.7142857e-03   5.0000000e-03   3.5714286e-03  -0.0000000e+00  -7.1428571e-03  -1.4285714e-02  -2.8571429e-02  -5.7142857e-02  -8.9285714e-02  -9.6428571e-02  -1.0000000e-01  -1.0000000e-01  -1.0000000e-01  -1.0000000e-01  -1.0000000e-01  -1.0000000e-01  -1.0000000e-01  -1.0000000e-01  -1.0000000e-01  -1.0000000e-01  -1.0000000e-01  -9.6428571e-02  -8.9285714e-02  -5.7142857e-02  -2.8571429e-02  -1.4285714e-02  -7.1428571e-03   2.8571429e-03   5.0000000e-03   6.4285714e-03   7.1428571e-03
